janek18
18
-1 264 172 386 228 393 222 232 207 103 254 92 41 77 93 130 243 168
136 -1 298 383 24 372 82 112 83 310 250 257 363 326 93 384 83 145
118 315 -1 305 277 21 71 146 169 369 395 116 109 387 145 199 236 294
375 68 219 -1 49 48 34 178 218 97 93 247 267 55 223 392 377 20
290 199 331 305 -1 349 226 211 195 189 163 105 64 290 333 249 335 165
313 25 400 95 301 -1 40 143 356 189 16 277 39 334 25 67 5 87
129 143 264 272 118 244 -1 95 400 250 143 254 353 213 131 328 42 364
93 17 62 117 118 181 68 -1 85 20 230 389 80 294 275 29 74 104
166 315 379 80 200 200 184 356 -1 360 297 193 311 285 28 115 334 374
236 2 297 332 378 338 233 118 344 -1 183 124 289 357 222 302 100 42
332 34 146 87 31 189 213 320 397 391 -1 180 163 135 338 98 174 196
203 206 350 284 300 328 283 68 147 123 304 -1 156 315 243 59 12 146
162 178 362 190 243 65 282 113 231 397 120 296 -1 208 367 244 166 362
260 323 161 357 235 232 317 228 100 156 181 98 36 -1 223 153 40 181
251 136 193 45 242 357 303 165 212 202 282 214 57 202 -1 152 200 216
307 265 192 16 397 235 368 168 313 112 379 145 112 344 203 -1 356 244
285 171 123 136 124 306 362 14 104 382 277 44 211 205 313 75 -1 383
306 358 152 207 83 299 240 235 352 102 380 156 161 214 284 385 328 -1
