xd
23
-1 15 19 16 13 12 15 18 16 15 13 18 17 19 13 12 18 11 10 15 13 15 11
18 -1 13 13 18 18 10 18 18 10 13 18 13 10 17 17 12 13 12 11 18 12 18
17 18 -1 19 13 13 14 11 17 13 16 17 18 19 12 14 14 14 14 11 16 12 11
16 14 14 -1 13 14 17 15 14 16 16 13 13 11 14 12 13 16 10 10 18 19 18
19 12 14 12 -1 19 18 17 11 11 16 13 17 17 11 17 18 12 10 14 19 14 11
18 15 19 15 13 -1 19 15 17 11 19 18 13 10 13 14 14 18 14 10 18 15 16
14 19 16 19 16 12 -1 16 13 13 18 19 17 13 13 17 10 18 19 13 19 12 10
18 12 13 16 15 18 13 -1 12 10 11 13 10 11 14 17 19 15 14 19 17 13 10
15 13 18 14 13 15 10 19 -1 10 18 18 12 10 10 15 13 19 18 10 17 16 18
16 12 12 17 16 14 17 14 17 -1 11 19 18 10 13 11 12 19 13 12 12 13 15
14 11 14 19 17 11 11 10 13 18 -1 11 12 13 15 11 12 10 14 18 14 10 17
11 15 10 19 16 10 10 19 11 10 11 -1 13 10 10 17 13 13 11 10 12 14 19
12 10 15 16 17 12 11 15 13 12 14 15 -1 14 16 13 17 15 12 14 13 12 13
17 14 11 19 10 11 19 17 17 18 12 14 16 -1 13 13 15 12 11 18 14 15 18
15 14 16 10 14 11 19 18 16 17 19 19 12 11 -1 11 16 10 16 15 19 10 12
18 15 12 18 14 14 13 15 13 15 10 11 16 11 11 -1 10 14 19 10 11 11 19
17 16 18 14 18 15 15 13 11 16 17 13 10 19 11 17 -1 19 16 14 15 12 18
14 11 15 19 15 15 14 12 14 19 12 15 16 16 17 10 15 -1 15 14 14 15 18
14 14 13 16 19 10 15 16 13 16 11 10 15 11 19 14 18 17 -1 10 15 16 17
18 15 14 16 19 13 10 18 18 15 16 10 12 12 17 19 10 14 19 -1 16 16 11
11 17 19 13 16 13 10 11 17 13 16 18 15 19 10 17 19 15 13 10 -1 12 15
19 17 10 16 14 10 15 18 18 12 16 13 10 14 10 18 12 18 19 12 11 -1 14
13 17 12 10 16 19 15 15 10 16 11 15 13 14 18 16 11 16 15 13 15 10 -1