rand2
28
-1 49 42 36 52 36 39 57 46 54 40 55 55 48 39 58 48 49 40 38 40 41 49 51 45 56 38 33
59 -1 35 52 36 31 49 42 33 55 51 43 49 49 35 52 59 55 39 53 51 32 51 46 52 44 49 32
37 37 -1 42 58 54 49 41 35 48 57 53 54 54 45 45 55 55 55 49 45 50 47 33 31 33 53 57
31 54 55 -1 55 50 31 52 52 33 45 34 31 39 46 42 43 42 34 47 43 56 44 47 36 32 34 59
45 50 45 55 -1 59 32 36 51 42 46 35 34 45 31 47 42 51 57 59 57 47 55 47 54 42 39 48
54 34 47 31 59 -1 58 49 42 30 58 49 35 43 49 59 53 38 54 53 34 40 52 30 58 44 44 42
38 30 34 33 44 31 -1 39 59 57 46 55 34 44 45 41 44 51 39 52 50 37 39 32 35 59 58 43
59 51 48 54 39 30 33 -1 39 47 46 39 56 58 52 49 41 49 45 35 32 33 43 52 54 45 59 32
36 55 43 37 31 41 51 39 -1 51 44 37 58 44 38 39 33 41 31 39 40 52 57 45 38 43 56 49
35 56 51 50 57 45 34 50 38 -1 50 34 43 36 49 47 32 44 32 31 47 48 54 46 31 50 31 58
48 51 35 57 37 59 55 52 33 49 -1 48 38 40 33 39 44 49 42 48 34 38 49 46 30 34 41 47
44 59 51 36 32 32 53 40 31 55 50 -1 46 42 38 49 51 35 56 55 57 54 36 46 55 44 37 43
33 46 32 46 45 52 53 49 34 58 42 43 -1 46 30 50 53 51 51 37 56 36 48 37 49 39 55 34
53 34 47 33 57 59 42 47 55 53 57 55 47 -1 49 42 35 33 49 35 49 54 59 30 39 51 32 32
36 50 37 50 48 54 48 40 46 32 37 44 59 43 -1 30 43 37 50 41 48 33 53 31 55 40 39 58
57 55 36 48 57 33 34 41 47 59 57 53 40 59 30 -1 57 32 53 34 37 45 47 36 59 30 36 57
43 59 59 58 30 38 45 55 46 34 57 37 37 33 51 54 -1 49 30 43 56 57 51 49 34 55 32 36
41 57 41 44 47 31 42 41 38 45 38 59 49 30 50 39 37 -1 39 35 45 55 45 45 49 53 30 35
42 39 51 57 33 45 49 49 34 40 40 50 33 59 54 42 35 35 -1 46 33 48 44 59 58 34 53 36
54 57 57 57 47 59 58 32 45 59 56 44 34 49 38 40 34 41 53 -1 59 41 34 47 31 57 54 37
44 53 46 31 54 50 39 44 39 38 46 58 46 37 32 54 48 42 44 31 -1 42 58 30 41 34 36 32
43 57 38 45 57 59 42 57 45 59 48 43 52 51 59 41 50 35 35 42 51 -1 36 40 40 52 40 30
44 45 39 35 39 59 56 35 30 55 48 55 43 47 49 57 51 57 45 46 57 33 -1 43 35 45 59 39
32 33 33 38 31 58 30 39 55 43 55 33 41 37 44 40 41 48 36 36 51 31 40 -1 33 38 51 50
36 58 51 31 55 58 53 40 55 45 37 50 59 34 32 39 35 44 55 38 33 45 30 57 -1 43 55 33
41 52 47 47 41 52 56 58 41 50 52 45 35 31 49 54 40 30 34 32 32 31 52 30 51 -1 49 33
41 51 48 59 35 40 46 39 42 52 51 36 52 44 47 41 50 58 37 46 54 56 31 39 42 44 -1 32
40 51 38 51 38 48 32 37 46 37 49 47 45 37 54 36 59 42 55 35 34 50 43 37 30 30 37 -1